711 50 475 880 616 799 873 711 980 158 
616 950 753 240 180 511 305 284 165 378 
335 655 273 149 536 842 999 833 580 316 
87 795 788 681 793 393 511 875 291 821 
352 480 606 990 818 685 307 661 975 153 
650 589 980 453 436 56 426 899 458 365 
89 683 996 174 973 726 607 137 229 829 
641 517 442 234 623 64 125 457 833 158 
972 560 819 341 711 525 671 607 181 655 
466 999 340 199 637 847 577 584 981 505 
181 933 372 253 841 995 593 899 147 639 
14 354 201 752 496 424 21 183 76 10 
674 382 864 870 206 368 600 999 633 512 
731 314 645 236 461 455 238 35 501 649 
763 548 10 105 357 833 721 911 512 748 
578 675 569 817 709 308 503 397 543 855 
964 532 121 730 309 865 482 513 504 482 
244 512 958 122 973 698 393 139 215 530 
960 387 401 280 553 855 503 687 222 646 
952 372 419 759 95 41 270 492 149 395 
376 233 932 577 660 304 495 230 53 399 
680 129 12 509 673 475 571 784 736 576 
692 947 917 713 101 302 117 121 264 102 
700 967 309 575 127 820 668 655 160 766 
568 804 37 907 493 905 283 178 358 893 
806 591 416 980 356 309 907 667 28 265 
434 686 977 900 785 188 139 569 422 205 
456 336 963 707 886 722 867 375 789 510 
907 93 635 235 307 738 23 863 989 821 
722 352 797 620 419 65 73 520 194 735 
539 372 399 244 821 386 580 476 469 263 
512 630 769 760 54 669 916 989 269 280 
58 356 9 383 544 289 298 375 703 108 
267 191 507 812 909 532 679 819 149 498 
579 762 140 668 449 663 646 870 436 579 
742 968 82 97 375 710 276 620 949 174 
227 720 14 553 989 796 203 974 400 142 
843 468 351 303 962 718 315 800 909 700 
467 134 226 71 750 27 598 340 928 621 
846 846 756 50 74 165 290 68 559 851 
105 417 893 417 342 470 560 685 686 798 
858 143 16 125 569 5 614 58 596 867 
917 76 988 510 891 956 537 419 585 524 
627 179 706 174 210 35 219 552 656 137 
674 510 189 537 732 801 451 617 177 799 
275 769 995 386 975 256 488 221 706 594 
227 301 885 942 834 332 924 824 123 684 
496 450 953 418 278 872 134 184 384 564 
504 480 522 879 857 190 543 674 730 94 
333 860 208 613 415 932 218 508 146 177 
537 82 234 200 144 233 21 190 687 917 
480 702 683 104 137 381 72 441 957 93 
289 213 923 199 927 455 592 836 537 245 
436 374 115 739 549 466 738 828 994 489 
726 413 451 159 57 524 672 883 847 705 
79 880 94 685 122 20 425 664 159 687 
568 15 802 46 385 190 488 601 173 233 
990 282 228 634 537 263 994 62 127 809 
567 257 606 69 401 235 99 315 613 858 
694 414 38 218 236 947 820 283 165 389 
913 946 247 40 344 851 115 149 655 965 
718 702 487 518 371 730 185 825 702 195 
116 196 836 518 4 183 178 411 228 946 
291 654 751 855 990 53 867 648 159 618 
688 410 109 763 272 154 964 673 983 342 
764 894 661 687 593 706 9 933 748 199 
128 884 410 188 967 311 124 495 461 154 
175 510 68 963 180 8 762 908 346 208 
819 834 795 530 849 346 805 417 390 653 
354 887 145 112 666 54 96 594 71 127 
965 576 801 169 260 195 795 341 900 836 
846 616 44 510 293 40 759 269 840 362 
507 222 548 475 78 727 499 517 3 376 
633 133 628 130 975 139 983 63 963 322 
806 539 319 912 962 809 200 552 272 864 
506 454 743 680 867 10 600 64 253 113 
503 794 128 513 569 881 767 468 286 689 
746 558 242 160 756 154 206 563 446 473 
516 316 603 877 739 763 293 966 559 611 
33 114 741 142 94 154 549 436 779 243 
169 656 353 82 373 923 215 60 432 301 
637 405 186 656 300 319 926 368 564 165 
442 560 77 296 116 183 746 66 272 179 
514 217 727 708 209 742 474 596 815 695 
15 710 367 530 923 157 131 435 761 854 
326 16 609 952 690 634 53 834 515 375 
545 110 236 950 777 518 720 578 294 724 
812 19 428 174 675 153 238 705 929 619 
955 741 445 583 598 674 545 146 232 409 
51 794 352 470 345 202 926 221 744 142 
156 698 758 32 862 773 49 930 820 198 
359 765 13 710 535 817 350 854 840 46 
660 219 985 459 550 579 305 4 342 345 
120 713 322 455 805 237 534 980 497 405 
996 148 451 42 927 672 894 952 684 933 
145 359 65 433 861 321 171 67 948 358 
379 578 599 621 464 706 705 340 219 962 
403 9 199 305 71 50 784 395 265 178 
821 198 394 773 201 218 975 222 886 112 
170 766 251 377 687 312 592 11 738 315 
