711
873
711
753
240
180
165
999
87
795
681
393
291
480
606
990
975
153
453
426
996
174
726
234
972
711
999
981
933
372
639
354
201
183
864
870
600
999
633
645
501
675
543
855
309
513
393
960
387
855
687
222
372
759
270
492
660
495
129
12
576
117
264
102
309
804
591
309
900
456
963
867
375
789
510
93
738
372
54
669
9
375
108
267
507
909
498
579
762
663
870
579
375
276
174
720
843
468
351
303
909
750
27
621
846
846
165
417
417
342
858
867
510
891
537
585
627
174
219
552
510
537
732
801
177
975
594
885
942
834
123
684
450
384
564
480
522
879
543
333
177
537
234
144
687
480
702
381
72
957
93
213
927
537
549
738
828
489
726
159
57
705
159
687
15
990
282
228
537
606
69
99
858
414
165
702
825
702
195
183
411
228
291
654
855
990
867
648
159
618
342
894
687
9
933
495
510
963
180
762
834
795
849
417
390
354
666
54
96
594
576
801
195
795
900
846
510
759
507
222
78
3
633
975
963
912
552
864
867
600
513
468
558
516
603
33
114
741
549
243
60
432
405
186
300
564
165
183
66
708
474
15
435
690
834
375
720
174
675
153
705
741
51
345
744
156
930
198
765
660
219
459
579
342
345
120
237
534
405
996
927
894
684
933
321
171
948
621
705
219
9
198
201
975
222
687
312
738
